#	Temperatur 1 (°C)	Temperatur 2 (°C)	Temperatur 3 (°C)	Temperatur 4 (°C)	Temperatur 5 (°C)	Temperatur 6 (°C)	Temperatur 7 (°C)	Temperatur 8 (°C)
1	18.32	17.97	18.23	18.41	17.49	18.61	17.72	19.56
2	18.37	19.80	20.36	18.49	18.18	21.03	18.31	19.54
3	18.67	21.55	22.36	18.83	19.16	23.03	19.27	19.52
4	19.16	23.06	24.07	19.35	20.25	24.67	20.38	19.50
5	19.73	24.35	25.51	19.96	21.35	26.04	21.53	19.49
6	20.35	25.45	26.71	20.61	22.43	27.22	22.66	19.49
7	20.98	26.39	27.73	21.27	23.47	28.23	23.70	19.50
8	21.60	27.20	28.58	21.92	24.46	29.14	24.65	19.53
9	22.21	27.90   29.31	22.54	25.39	29.95	25.52	19.58
10	22.81	28.52	29.92	23.14	26.26	30.68	26.32	19.65
11	23.38	29.08	30.48	23.72	27.09	31.36	27.03	19.74
12	23.93	29.58	30.96	24.27	27.85	31.97	27.67	19.84
13	24.48	30.04	31.39	24.79	28.56	32.54	28.24	19.96
14	24.99	30.47	31.77	25.29	29.24	33.05	28.77	20.10
15	25.48	30.86	32.12	25.76	29.86	33.54	29.24	20.24
16	25.95	31.22	32.44	26.20	30.45	34.00	29.67	20.40
17	26.41	31.57	32.73	26.63	31.00	34.41	30.07	20.56
18	26.84	31.88	32.97	27.01	31.49	34.78	30.39	20.71
19	27.23	32.15	33.20	27.35	31.87	35.06	30.71	20.87
20	27.61	32.43	33.44	27.70	32.27	35.37	31.00	21.04
21	27.99	32.71	33.66	28.04	32.67	35.69	31.27	21.20
22	28.36	32.98	33.89	28.36	33.05	35.98	31.53	21.37
23	28.73	33.25	34.11	28.68	33.42	36.26	31.77	21.54
24	29.07	33.50	34.31	28.98	33.77	36.54	32.00	21.70
25	29.41	33.74	34.51	29.28	34.09	36.80	32.22	21.87
26	29.75	33.98	34.70	29.56	34.41	37.04	32.41	22.03
27	30.06	34.20	34.89	29.82	34.72	37.28	32.60	22.20
28	30.36	34.43	35.05	30.09	35.00	37.50	32.78	22.36
29	30.66	34.65	35.23	30.34	35.27	37.71	32.95	22.52
30	30.94	34.86	35.40	30.58	35.53	37.91	33.12	22.68
31	31.22	35.06	35.56	30.81	35.77	38.11	33.27	22.83
32	31.49	35.26	35.72	31.03	36.01	38.29	33.42	22.98
33	31.75	35.46	35.87	31.25	36.23	38.48	33.56	23.14
34	32.00	35.64	36.02	31.46	36.45	38.65	33.70	23.29
35	32.24	35.82	36.16	31.66	36.65	38.82	33.84	23.43
36	32.48	36.01	36.30	31.85	36.84	38.98	33.96	23.57
37	32.71	36.18	36.44	32.04	37.04	39.13	34.09	23.71
38	32.94	36.36	36.57	32.22	37.22	39.29	34.21	23.85
39	33.16	36.52	36.71	32.41	37.40	39.44	34.34	23.99
40	33.37	36.69	36.84	32.57	37.57	39.58	34.46	24.13
41	33.57	36.85	36.97	32.74	37.74	39.72	34.56	24.26
42	33.78	37.01	37.10	32.90	37.90	39.86	34.68	24.39
43	33.98	37.17	37.22	33.06	38.05	39.99	34.79	24.51
44	34.17	37.31	37.34	33.22	38.20	40.12	34.89	24.64
45	34.35	37.44	37.46	33.37	38.34	40.23	35.00	24.77
46	34.54	37.57	37.58	33.52	38.49	40.34	35.10	24.89
47	34.72	37.70	37.69	33.66	38.63	40.44	35.21	25.01
48	34.90	37.82	37.81	33.80	38.77	40.54	35.31	25.13
49	35.07	37.94	37.92	33.93	38.90	40.64	35.42	25.25
50	35.24	38.07	38.04	34.08	39.03	40.75	35.51	25.36
51	35.41	38.20	38.13	34.19	39.14	40.81	35.59	25.47
52	35.56	38.32	38.25	34.33	39.27	40.93	35.70	25.59
53	35.72	38.44	38.36	34.46	39.39	41.03	35.80	25.70
54	35.87	38.57	38.47	34.58	39.51	41.13	35.89	25.81
55	36.02	38.68	38.58	34.70	39.63	41.24	35.99	25.92
56	36.18	38.79	38.68	34.83	39.74	41.31	36.08	26.03
57	36.32	38.90	38.77	34.94	39.85	41.42	36.18	26.14
58	36.46	39.02	38.88	35.06	39.96	41.52	36.27	26.24
59	36.59	39.13	38.97	35.17	40.07	41.62	36.36	26.35
60	36.73	39.24	39.07	35.28	40.18	41.72	36.45	26.45
61	36.85	39.36	39.17	35.39	40.26	41.85	36.54	26.56
62	36.97	39.50	39.26	35.50	40.35	41.96	36.62	26.66
63	37.08	39.63	39.36	35.61	40.44	42.06	36.72	26.75
64	37.21	39.75	39.46	35.71	40.54	42.17	36.81	26.86
65	37.33	39.87	39.55	35.81	40.65	42.27	36.90	26.96
66	37.45	39.99	39.65	35.91	40.75	42.37	36.98	27.05
67	37.57	40.10	39.74	36.02	40.85	42.47	37.08	27.15
68	37.70	40.21	39.83	36.12	40.95	42.57	37.16	27.25
69	37.81	40.32	39.92	36.21	41.05	42.66	37.25	27.35
70	37.93	40.43	40.02	36.31	41.15	42.76	37.33	27.45
71	38.05	40.54	40.11	36.41	41.25	42.85	37.42	27.54
72	38.16	40.65	40.19	36.50	41.34	42.94	37.51	27.63
73	38.28	40.75	40.28	36.60	41.44	43.03	37.59	27.72
74	38.39	40.85	40.37	36.69	41.53	43.12	37.67	27.82
75	38.50	40.96	40.45	36.78	41.63	43.22	37.76	27.91
76	38.61	41.05	40.53	36.87	41.72	43.30	37.84	28.00
77	38.71	41.15	40.62	36.96	41.81	43.39	37.92	28.09
78	38.82	41.25	40.70	37.06	41.89	43.48	38.00	28.18
79	38.92	41.35	40.79	37.14	41.99	43.57	38.09	28.27
80	39.02	41.44	40.87	37.23	42.07	43.65	38.17	28.36
81	39.13	41.54	40.96	37.32	42.16	43.74	38.25	28.45
82	39.23	41.64	41.04	37.41	42.25	43.82	38.33	28.54
83	39.33	41.73	41.12	37.49	42.34	43.91	38.41	28.63
84	39.43	41.82	41.20	37.57	42.42	43.99	38.49	28.71
85	39.53	41.91	41.28	37.66	42.51	44.07	38.57	28.80
86	39.62	42.00	41.36	37.73	42.59	44.16	38.66	28.89
87	39.71	42.08	41.43	37.82	42.68	44.24	38.73	28.97
88	39.80	42.17	41.51	37.89	42.76	44.33	38.81	29.06
89	39.89	42.26	41.59	37.98	42.83	44.40	38.89	29.14
90	39.98	42.34	41.67	38.06	42.92	44.48	38.97	29.22
91	40.07	42.44	41.75	38.14	42.99	44.56	39.04	29.30
92	40.16	42.52	41.82	38.21	43.07	44.64	39.12	29.39
93	40.25	42.60	41.90	38.29	43.16	44.72	39.20	29.47
94	40.34	42.69	41.97	38.37	43.24	44.80	39.28	29.55
95	40.43	42.77	42.05	38.45	43.32	44.87	39.36	29.63
96	40.51	42.85	42.13	38.52	43.39	44.95	39.43	29.71
97	40.60	42.93	42.20	38.60	43.47	45.03	39.50	29.79
98	40.68	43.01	42.27	38.67	43.55	45.11	39.58	29.87
99	40.77	43.09	42.34	38.74	43.63	45.18	39.65	29.95
100	40.85	43.17	42.42	38.82	43.71	45.26	39.73	30.03
101	40.93	43.25	42.49	38.89	43.79	45.33	39.81	30.11
102	41.02	43.33	42.57	38.97	43.87	45.41	39.88	30.18
103	41.10	43.41	42.64	39.04	43.93	45.48	39.95	30.27
104	41.18	43.49	42.71	39.11	44.01	45.56	40.03	30.34
105	41.26	43.56	42.78	39.18	44.08	45.63	40.10	30.41
106	41.34	43.64	42.85	39.26	44.16	45.70	40.18	30.49
107	41.42	43.72	42.92	39.33	44.23	45.77	40.25	30.57
108	41.49	43.79	42.99	39.40	44.30	45.84	40.32	30.64
109	41.57	43.87	43.07	39.47	44.37	45.91	40.39	30.72
110	41.65	43.94	43.13	39.54	44.44	45.98	40.46	30.79
111	41.73	44.01	43.20	39.60	44.52	46.05	40.53	30.87
112	41.80	44.09	43.27	39.67	44.59	46.12	40.60	30.94
113	41.88	44.16	43.33	39.74	44.66	46.20	40.67	31.02
114	41.95	44.23	43.40	39.80	44.72	46.26	40.74	31.08
115	42.02	44.31	43.46	39.87	44.79	46.33	40.81	31.16
116	42.10	44.38	43.53	39.94	44.86	46.40	40.88	31.23
117	42.17	44.45	43.59	40.01	44.93	46.46	40.94	31.29
118	42.24	44.52	43.66	40.07	45.00	46.53	41.01	31.37
119	42.31	44.59	43.72	40.14	45.06	46.59	41.08	31.44
120	42.39	44.66	43.79	40.20	45.13	46.66	41.15	31.51
121	42.46	44.72	43.85	40.27	45.19	46.72	41.21	31.59
122	42.53	44.79	43.91	40.33	45.26	46.78	41.28	31.65
123	42.60	44.86	43.98	40.39	45.33	46.85	41.34	31.72
124	42.67	44.93	44.04	40.45	45.39	46.91	41.41	31.79
125	42.74	44.99	44.10	40.51	45.45	46.98	41.47	31.86
126	42.80	45.06	44.17	40.58	45.51	47.04	41.54	31.93
127	42.88	45.12	44.22	40.64	45.57	47.10	41.60	32.00
128	42.94	45.19	44.29	40.70	45.64	47.16	41.67	32.06
129	43.00	45.25	44.35	40.76	45.70	47.22	41.73	32.12
130	43.08	45.32	44.41	40.82	45.75	47.28	41.79	32.19
131	43.14	45.39	44.47	40.88	45.80	47.34	41.85	32.27
132	43.21	45.45	44.53	40.94	45.86	47.39	41.92	32.32
133	43.27	45.51	44.59	41.00	45.92	47.45	41.98	32.39
134	43.34	45.58	44.65	41.06	45.98	47.51	42.04	32.46
135	43.40	45.64	44.71	41.11	46.04	47.57	42.10	32.52
136	43.47	45.71	44.77	41.18	46.10	47.64	42.16	32.59
137	43.53	45.77	44.83	41.23	46.16	47.69	42.23	32.65
138	43.59	45.83	44.89	41.29	46.22	47.75	42.29	32.72
139	43.66	45.89	44.95	41.35	46.28	47.81	42.36	32.78
140	43.72	45.95	45.01	41.41	46.34	47.87	42.42	32.85
141	43.78	46.01	45.05	41.46	46.40	47.93	42.48	32.91
142	43.84	46.07	45.12	41.52	46.46	47.99	42.54	32.97
143	43.90	46.13	45.18	41.58	46.52	48.05	42.60	33.03
144	43.96	46.19	45.23	41.63	46.58	48.11	42.66	33.10
145	44.02	46.25	45.28	41.69	46.64	48.17	42.72	33.16
146	44.07	46.31	45.34	41.74	46.70	48.23	42.78	33.22
147	44.13	46.36	45.40	41.80	46.75	48.28	42.84	33.28
148	44.19	46.42	45.45	41.85	46.81	48.34	42.90	33.35
149	44.25	46.47	45.51	41.90	46.87	48.40	42.96	33.40
150	44.30	46.53	45.56	41.96	46.92	48.45	43.02	33.46
151	44.36	46.59	45.62	42.01	46.98	48.51	43.08	33.52
152	44.41	46.64	45.67	42.07	47.04	48.56	43.14	33.58
153	44.47	46.70	45.72	42.12	47.09	48.62	43.20	33.64
154	44.52	46.75	45.77	42.17	47.15	48.67	43.25	33.71
155	44.58	46.81	45.83	42.22	47.21	48.73	43.31	33.76
156	44.64	46.86	45.88	42.28	47.26	48.79	43.37	33.82
157	44.69	46.91	45.93	42.33	47.31	48.84	43.43	33.88
158	44.75	46.97	45.98	42.38	47.37	48.90	43.48	33.94
159	44.80	47.02	46.03	42.43	47.42	48.94	43.54	34.00
160	44.86	47.08	46.08	42.48	47.47	49.00	43.59	34.05
161	44.90	47.13	46.14	42.53	47.53	49.05	43.64	34.11
162	44.96	47.18	46.19	42.59	47.58	49.10	43.70	34.16
163	45.01	47.24	46.24	42.63	47.63	49.15	43.75	34.22
164	45.05	47.28	46.29	42.68	47.66	49.20	43.81	34.27
165	45.07	47.30	46.33	42.73	47.69	49.24	43.86	34.33
166	45.12	47.35	46.39	42.78	47.76	49.29	43.91	34.38
167	45.18	47.40	46.43	42.83	47.81	49.34	43.97	34.44
168	45.22	47.45	46.48	42.88	47.87	49.39	44.02	34.50
169	45.27	47.50	46.53	42.93	47.93	49.44	44.07	34.55
170	45.33	47.56	46.58	42.97	47.97	49.49	44.13	34.60
171	45.39	47.62	46.63	43.02	48.01	49.54	44.17	34.66
172	45.44	47.67	46.68	43.07	48.06	49.59	44.23	34.71
173	45.49	47.72	46.73	43.12	48.11	49.64	44.29	34.77
174	45.55	47.78	46.78	43.17	48.16	49.68	44.34	34.82
175	45.59	47.83	46.82	43.21	48.20	49.73	44.39	34.87
176	45.65	47.88	46.87	43.26	48.25	49.78	44.44	34.93
177	45.70	47.93	46.92	43.31	48.30	49.83	44.49	34.98
178	45.75	47.98	46.97	43.35	48.35	49.88	44.54	35.03
179	45.80	48.03	47.02	43.40	48.39	49.92	44.59	35.08
180	45.85	48.08	47.06	43.44	48.44	49.97	44.64	35.13
181	45.89	48.12	47.11	43.49	48.49	50.02	44.69	35.18
182	45.94	48.17	47.15	43.54	48.54	50.07	44.73	35.24
183	45.98	48.21	47.19	43.57	48.59	50.11	44.79	35.29
184	46.02	48.26	47.24	43.62	48.63	50.17	44.84	35.34
185	46.06	48.30	47.28	43.66	48.68	50.22	44.89	35.39
186	46.10	48.34	47.33	43.71	48.72	50.26	44.94	35.44
187	46.14	48.38	47.37	43.75	48.76	50.30	44.98	35.49
188	46.18	48.43	47.41	43.80	48.81	50.34	45.03	35.54
