#	Temperatur 1 (°C)	Temperatur 2 (°C)	Temperatur 3 (°C)	Temperatur 4 (°C)	Temperatur 5 (°C)	Temperatur 6 (°C)	Temperatur 7 (°C)	Temperatur 8 (°C)
1	25.13	24.79	24.85	24.98	24.15	24.06	25.52	26.91
2	25.07	26.08	26.55	24.93	24.27	26.73	25.63	26.85
3	25.23	29.16	30.20	25.14	25.42	31.18	26.56	26.79
4	25.80	32.37	33.89	25.79	27.24	35.02	28.24	26.75
5	26.72	35.24	37.13	26.78	29.29	38.20	30.30	26.72  
6	27.84	37.70	39.89	27.97	31.40	40.86	32.44	26.69
7	29.06	39.81	42.20	29.24	33.47	43.13	34.54	26.70
8	30.30	41.62	44.16	30.54	35.46	45.10	36.53	26.73
9	31.53	43.19	45.82	31.81	37.36	46.85	38.37	26.79
10	32.72	43.32	45.53	33.00	38.96	45.98	39.85	26.88
11	33.67	41.73	43.45	33.92	39.57	43.45	40.49	26.98
12	34.19	39.90	41.22	34.37	39.49	41.27	40.31	27.14
13	34.37	38.28	39.24	34.47	39.09	39.55	39.66	27.30
14	34.35	36.95	37.60	34.36	38.53	38.21	38.78	27.48
15	34.20	35.84	36.28	34.13	37.91	37.12	37.87	27.68
16	33.99	34.96	35.21	33.83	37.27	36.23	36.95	27.86
17	33.74	34.23	34.35	33.51	36.64	35.50	36.09	28.04
18	33.47	33.67	33.69	33.19	36.00	34.92	35.32	28.19
19	33.22	34.82	35.20	32.90	35.65	37.56	34.82	28.32
20	33.25	37.51	38.33	32.92	36.40	41.33	35.26	28.43
21	33.71	40.27	41.45	33.39	37.76	44.53	36.45	28.53
22	34.49	42.71	44.20	34.18	39.35	47.14	38.00	28.63
23	35.45	44.82	46.52	35.15	40.99	49.30	39.68	28.73
24	36.49	46.61	48.47	36.20	42.63	51.15	41.36	28.82
25	37.55	48.15	50.11	37.27	44.21	52.76	42.96	28.94
26	38.60	49.28	51.18	38.30	45.69	53.66	44.40	29.04
27	39.53	48.29	49.67	39.19	46.61	51.36	45.35	29.17
28	40.13	46.38	47.29	39.70	46.58	48.73	45.38	29.33
29	40.34	44.54	45.05	39.80	46.07	46.55	44.78	29.50
30	40.28	42.94	43.13	39.62	45.34	44.83	43.86	29.67
31	40.06	41.62	41.55	39.28	44.53	43.42	42.82	29.85
32	39.76	40.53	40.24	38.87	43.68	42.26	41.76	30.03
33	39.41	39.63	39.19	38.45	42.86	41.30	40.75	30.22
34	39.02	38.90	38.36	38.00	42.02	40.53	39.82	30.39
35	38.66	40.02	39.85	37.59	41.52	43.11	39.20	30.51
36	38.62	42.59	42.86	37.53	42.11	46.66	39.53	30.63
37	39.00	45.20	45.84	37.92	43.31	49.67	40.60	30.74
38	39.69	47.52	48.44	38.63	44.73	52.11	42.03	30.83
39	40.56	49.50	50.65	39.51	46.22	54.12	43.60	30.93
40	41.52	51.18	52.50	40.47	47.71	55.83	45.17	31.03
41	42.49	52.63	54.04	41.45	49.15	57.31	46.66	31.14
42	43.45	53.68	55.04	42.40	50.50	58.15	48.01	31.24
43	44.31	52.65	53.50	43.22	51.31	55.80	48.87	31.35
44	44.81	50.68	51.09	43.66	51.17	53.07	48.84	31.49
45	44.94	48.77	48.81	43.70	50.56	50.79	48.19	31.64
46	44.79	47.08	46.83	43.43	49.69	48.94	47.19	31.81
47	44.46	45.68	45.18	43.02	48.75	47.44	46.08	31.97
48	44.07	44.53	43.83	42.53	47.83	46.21	44.97	32.14
49	43.64	43.56	42.71	42.02	46.90	45.16	43.90	32.29
50	43.19	42.81	41.85	41.50	46.00	44.44	42.91	32.44
51	42.77	44.03	43.47	41.04	45.47	47.13	42.28	32.56
52	42.68	46.55	46.42	40.96	46.03	50.55	42.62	32.66
53	43.03	49.07	49.30	41.32	47.16	53.42	43.67	32.75
54	43.66	51.29	51.80	41.99	48.51	55.75	45.07	32.84
55	44.48	53.18	53.92	42.83	49.93	57.66	46.58	32.93
56	45.37	54.79	55.69	43.73	51.33	59.29	48.09	33.01
57	46.29	56.15	57.17	44.67	52.71	60.70	49.53	33.11
58	47.18	57.18	58.17	45.56	54.00	61.58	50.83	33.21
59	47.97	56.19	56.66	46.31	54.79	59.27	51.67	33.32
60	48.41	54.17	54.19	46.70	54.62	56.49	51.62	33.46
61	48.50	52.19	51.81	46.67	53.94	54.14	50.90	33.58
62	48.30	50.47	49.78	46.38	53.05	52.24	49.87	33.73
63	47.95	49.01	48.08	45.93	52.07	50.67	48.73	33.90
64	47.52	47.80	46.67	45.40	51.06	49.36	47.57	34.05
65	47.06	46.80	45.52	44.84	50.07	48.24	46.47	34.18
66	46.57	45.95	44.56	44.26	49.09	47.26	45.44	34.28
67	46.05	46.59	45.51	43.71	48.30	49.14	44.64	34.37
68	45.82	48.95	48.34	43.50	48.61	52.56	44.78	34.47
69	46.03	51.48	51.25	43.75	49.62	55.51	45.69	34.55
70	46.58	53.72	53.81	44.34	50.90	57.91	47.00	34.62
71	47.32	55.64	55.98	45.12	52.27	59.86	48.49	34.70
72	48.15	57.26	57.79	45.99	53.64	61.52	49.99	34.78
73	49.02	58.63	59.29	46.88	54.97	62.92	51.44	34.87
74	49.87	59.76	60.46	47.75	56.23	64.07	52.73	34.95
75	50.65	59.19	59.41	48.50	57.15	62.28	53.67	35.03
76	51.16	57.23	56.98	48.92	57.04	59.35	53.78	35.11
77	51.27	55.19	54.55	48.94	56.37	56.85	53.16	35.24
78	51.08	53.37	52.44	48.68	55.45	54.80	52.19	35.37
79	50.71	51.83	50.65	48.22	54.46	53.16	51.02	35.50
80	50.22	50.52	49.16	47.68	53.44	51.79	49.85	35.65
81	49.70	49.43	47.92	47.09	52.41	50.62	48.72	35.76
82	49.14	48.51	46.92	46.52	51.39	49.62	47.66	35.90
83	48.62	49.35	48.13	45.98	50.69	51.84	46.88	36.01
84	48.41	51.71	50.94	45.78	51.08	55.19	47.05	36.10
85	48.64	54.15	53.75	46.04	52.09	58.03	47.97	36.20
86	49.18	56.31	56.22	46.63	53.36	60.34	49.27	36.28
87	49.90	58.16	58.31	47.39	54.69	62.22	50.72	36.36
88	50.71	59.71	60.04	48.24	56.03	63.80	52.17	36.43
89	51.56	61.03	61.49	49.11	57.33	65.16	53.57	36.52
90	52.39	62.10	62.60	49.96	58.56	66.22	54.83	36.62
91	53.11	61.33	61.35	50.64	59.40	64.22	55.69	36.67
92	53.54	59.31	58.85	51.03	59.30	61.38	55.71	36.80
93	53.56	57.22	56.40	50.97	58.63	58.93	55.04	36.91
94	53.31	55.39	54.27	50.64	57.72	56.94	54.01	37.04
95	52.87	53.83	52.46	50.12	56.71	55.30	52.83	37.16
96	52.36	52.53	50.98	49.56	55.68	53.93	51.65	37.31
97	51.82	51.43	49.74	48.96	54.65	52.76	50.50	37.43
98	51.24	50.50	48.68	48.32	53.61	51.75	49.39	37.53
99	50.69	51.28	49.79	47.74	52.87	53.87	48.58	37.62
100	50.45	53.62	52.57	47.51	53.21	57.19	48.72	37.73
101	50.65	56.05	55.37	47.73	54.17	60.01	49.62	37.81
102	51.18	58.20	57.84	48.30	55.40	62.29	50.91	37.90
103	51.88	60.03	59.91	49.05	56.70	64.16	52.35	37.97
104	52.67	61.58	61.64	49.87	58.01	65.72	53.79	38.04
105	53.50	62.89	63.08	50.73	59.29	67.06	55.19	38.12
106	54.32	63.99	64.21	51.55	60.49	68.20	56.43	38.21
107	55.04	63.65	63.51	52.25	61.42	66.83	57.40	38.27
108	55.53	61.71	61.11	52.71	61.43	63.91	57.55	38.35
109	55.61	59.57	58.60	52.74	60.79	61.33	56.97	38.48
110	55.37	57.66	56.38	52.45	59.89	59.23	55.99	38.61
111	54.94	56.03	54.52	51.96	58.87	57.51	54.82	38.75
112	54.43	54.67	52.94	51.36	57.78	56.05	53.59	38.86
113	53.87	53.52	51.64	50.72	56.70	54.80	52.41	38.96
114	53.27	52.51	50.53	50.06	55.62	53.69	51.26	39.04
115	52.64	52.82	51.11	49.42	54.69	55.09	50.32	39.11
116	52.31	55.01	53.76	49.10	54.82	58.39	50.29	39.18
117	52.42	57.43	56.56	49.25	55.68	61.25	51.07	39.25
118	52.88	59.61	59.04	49.75	56.83	63.57	52.28	39.31
119	53.53	61.45	61.13	50.45	58.10	65.46	53.66	39.37
120	54.28	63.01	62.86	51.25	59.38	67.02	55.07	39.42
121	55.09	64.32	64.29	52.09	60.62	68.36	56.43	39.50
122	55.88	65.41	65.45	52.89	61.82	69.50	57.67	39.56
123	56.57	65.20	64.89	53.60	62.77	68.33	58.65	39.63
124	57.05	63.28	62.54	54.04	62.80	65.41	58.88	39.71
125	57.11	61.11	60.01	54.07	62.18	62.79	58.31	39.81
126	56.88	59.17	57.78	53.78	61.28	60.65	57.32	39.92
127	56.44	57.51	55.89	53.31	60.24	58.89	56.16	40.05
128	55.90	56.10	54.30	52.71	59.16	57.42	54.95	40.19
129	55.30	54.92	52.98	52.07	58.09	56.16	53.78	40.28
130	54.69	53.94	51.90	51.42	57.05	55.19	52.65	40.36
131	54.10	54.82	53.15	50.77	56.29	57.45	51.80	40.41
132	53.85	57.11	55.87	50.53	56.61	60.65	51.95	40.48
133	54.04	59.45	58.59	50.76	57.55	63.35	52.83	40.54
134	54.55	61.52	60.95	51.30	58.71	65.51	54.07	40.60
135	55.22	63.28	62.94	52.02	59.95	67.29	55.46	40.65
136	55.97	64.75	64.60	52.82	61.20	68.78	56.86	40.71
137	56.76	65.99	65.97	53.64	62.41	70.05	58.20	40.77
138	57.55	67.05	67.12	54.45	63.57	71.15	59.43	40.86
139	58.23	66.70	66.33	55.11	64.47	69.79	60.30	40.90
140	58.66	64.71	63.89	55.52	64.43	66.84	60.43	40.97
141	58.69	62.54	61.35	55.50	63.75	64.23	59.79	41.06
142	58.43	60.60	59.13	55.19	62.77	62.06	58.79	41.17
143	58.00	58.95	57.22	54.65	61.68	60.27	57.58	41.29
144	57.47	57.56	55.61	54.00	60.55	58.77	56.32	41.37
145	56.88	56.38	54.30	53.33	59.44	57.48	55.10	41.43
146	56.25	55.37	53.17	52.66	58.38	56.38	53.96	41.50
147	55.61	55.08	52.99	51.97	57.34	56.76	52.88	41.54
148	55.15	56.98	55.38	51.54	57.17	59.94	52.56	41.60
149	55.12	59.40	58.22	51.56	57.89	62.97	53.16	41.65
150	55.46	61.64	60.82	51.98	58.99	65.41	54.29	41.70
151	56.06	63.57	63.01	52.63	60.22	67.39	55.65	41.74
152	56.78	65.19	64.85	53.40	61.48	69.03	57.07	41.78
153	57.55	66.55	66.37	54.21	62.72	70.41	58.46	41.83
154	58.34	67.70	67.63	55.04	63.93	71.61	59.77	41.90
155	59.05	67.72	67.31	55.72	64.89	70.75	60.76	41.90
156	59.57	65.91	64.98	56.13	64.96	67.82	61.01	41.90
157	59.67	63.75	62.45	56.15	64.36	65.17	60.48	41.93
158	59.42	61.78	60.20	55.89	63.44	62.99	59.53	42.00
159	58.98	60.09	58.29	55.42	62.39	61.18	58.37	42.10
160	58.43	58.64	56.66	54.84	61.31	59.67	57.15	42.18
161	57.83	57.44	55.33	54.21	60.23	58.40	55.96	42.28
162	57.25	56.44	54.18	53.54	59.15	57.26	54.83	42.33
