#	Temperatur 1 (°C)	Temperatur 2 (°C)	Temperatur 3 (°C)	Temperatur 4 (°C)	Temperatur 5 (°C)	Temperatur 6 (°C)	Temperatur 7 (°C)	Temperatur 8 (°C)
1	24.93	24.61	24.97	25.13	23.67	23.71	25.06	26.22
2	24.86	25.77	26.53	25.08	23.79	26.22	25.17	26.16
3	24.98	28.80	30.15	25.26	24.89	30.64	26.07	26.09
4	25.53	32.00	33.82	25.89	26.68	34.50	27.75	26.04
5	26.43	34.85	37.06	26.86	28.72	37.67	29.79	26.00
6	27.51	37.32	39.81	28.04	30.83	40.33	31.94	25.97
7	28.71	39.41	42.13	29.30	32.89	42.60	34.05	25.98
8	29.94	41.22	44.08	30.58	34.88	44.57	36.03	26.00
9	31.16	42.77	45.72	31.85	36.77	46.32	37.88	26.07
10	32.37	44.15	47.13	33.08	38.56	47.88	39.56	26.17
11	33.53	45.35	48.35	34.26	40.24	49.30	41.09	26.31
12	34.67	46.42	49.42	35.40	41.82	50.59	42.48	26.48
13	35.75	47.39	50.35	36.47	43.30	51.78	43.72	26.68
14	36.81	48.28	51.19	37.50	44.68	52.87	44.85	26.92
15	37.81	49.10	51.94	38.48	45.96	53.87	45.87	27.17
16	38.78	49.85	52.62	39.41	47.17	54.80	46.79	27.46
17	39.71	50.55	53.24	40.28	48.30	55.67	47.63	27.75
18	40.61	51.22	53.81	41.12	49.35	56.48	48.39	28.06
19	41.46	51.84	54.34	41.92	50.34	57.23	49.08	28.38
20	42.29	52.43	54.83	42.67	51.26	57.93	49.71	28.70
21	43.08	52.99	55.28	43.38	52.12	58.58	50.28	29.03
22	43.78	52.56	54.34	43.99	52.77	57.25	50.63	29.34
23	44.29	50.44	51.60	44.34	52.57	54.04	50.33	29.64
24	44.40	48.12	48.81	44.29	51.71	51.15	49.33	29.92
25	44.19	46.06	46.35	43.94	50.57	48.81	47.97	30.22
26	43.78	44.32	44.30	43.41	49.34	46.87	46.47	30.51
27	43.27	42.88	42.61	42.79	48.09	45.27	44.98	30.77
28	42.73	41.68	41.23	42.12	46.85	43.91	43.57	31.00
29	42.17	40.71	40.11	41.44	45.67	42.75	42.27	31.18
30	41.60	39.88	39.17	40.77	44.53	41.72	41.10	31.33
31	41.06	39.19	38.40	40.16	43.44	40.80	40.06	31.46
32	40.53	38.61	37.77	39.55	42.45	39.98	39.13	31.54
33	40.04	38.10	37.24	38.99	41.56	39.27	38.31	31.59
34	39.55	37.66	36.78	38.46	40.74	38.65	37.60	31.62
35	39.10	37.28	36.40	37.97	39.99	38.09	36.96	31.61
36	38.65	36.94	36.08	37.50	39.26	37.56	36.40	31.59
37	38.23	36.63	35.79	37.09	38.63	37.10	35.91	31.57
38	37.84	36.36	35.55	36.70	38.06	36.69	35.50	31.53
39	37.47	36.11	35.34	36.33	37.53	36.33	35.13	31.48
40	37.13	35.90	35.15	36.00	37.05	36.00	34.81	31.42
41	36.80	35.70	34.99	35.68	36.61	35.71	34.52	31.36
42	36.47	36.21	35.76	35.34	36.21	37.07	34.29	31.28
43	36.33	38.83	38.95	35.22	36.74	41.08	34.76	31.20
44	36.61	41.82	42.42	35.56	38.10	44.73	36.08	31.13
45	37.28	44.55	45.54	36.29	39.79	47.71	37.86	31.08
46	38.17	46.89	48.18	37.24	41.58	50.19	39.79	31.04
47	39.17	48.86	50.39	38.31	43.37	52.28	41.72	31.03
48	40.23	50.55	52.25	39.42	45.10	54.07	43.56	31.03
49	41.29	51.99	53.81	40.51	46.76	55.65	45.28	31.07
50	42.34	53.25	55.13	41.60	48.33	57.05	46.85	31.15
51	43.36	54.34	56.26	42.63	49.81	58.30	48.27	31.27
52	44.35	55.31	57.24	43.62	51.19	59.45	49.56	31.41
53	45.30	56.17	58.08	44.57	52.49	60.50	50.71	31.59
54	46.22	56.96	58.82	45.46	53.70	61.45	51.75	31.80
55	47.10	57.67	59.49	46.32	54.83	62.33	52.68	32.03
56	47.95	58.32	60.09	47.13	55.88	63.13	53.52	32.28
57	48.75	58.93	60.62	47.90	56.86	63.88	54.28	32.56
58	49.53	59.50	61.12	48.62	57.77	64.57	54.96	32.84
59	50.27	60.03	61.57	49.31	58.62	65.21	55.58	33.14
60	50.98	60.53	61.98	49.97	59.42	65.80	56.15	33.45
61	51.67	61.01	62.38	50.58	60.16	66.35	56.66	33.75
62	52.25	60.76	61.74	51.09	60.74	65.45	56.98	34.03
63	52.63	58.67	59.03	51.37	60.55	62.22	56.75	34.29
64	52.65	56.24	56.11	51.26	59.65	59.19	55.78	34.57
65	52.34	54.04	53.52	50.81	58.41	56.64	54.41	34.84
66	51.84	52.17	51.34	50.20	57.06	54.56	52.84	35.07
67	51.26	50.62	49.53	49.46	55.67	52.79	51.26	35.28
68	50.59	49.31	48.03	48.70	54.33	51.30	49.77	35.49
69	49.92	48.21	46.79	47.94	53.05	50.00	48.41	35.66
70	49.24	47.26	45.75	47.20	51.83	48.88	47.17	35.79
71	48.60	46.48	44.89	46.49	50.68	47.89	46.04	35.89
72	47.97	45.80	44.16	45.81	49.60	46.99	45.04	35.96
73	47.36	45.19	43.54	45.16	48.60	46.19	44.16	35.98
74	46.78	44.66	43.02	44.54	47.68	45.46	43.37	35.98
75	46.23	44.19	42.55	43.96	46.84	44.82	42.67	35.96
76	45.70	43.76	42.14	43.42	46.07	44.24	42.05	35.92
77	45.19	43.38	41.77	42.89	45.35	43.69	41.50	35.85
78	44.72	43.03	41.45	42.43	44.68	43.21	41.02	35.79
79	44.25	42.69	41.13	41.95	44.05	42.75	40.57	35.68
80	43.82	42.40	40.91	41.53	43.46	42.33	40.20	35.58
81	43.40	42.11	40.67	41.13	42.93	41.95	39.86	35.48
82	42.93	42.28	41.03	40.69	42.40	42.71	39.55	35.36
83	42.66	44.60	43.93	40.46	42.68	46.53	39.84	35.25
84	42.79	47.50	47.34	40.69	43.87	50.14	41.01	35.17
85	43.34	50.17	50.42	41.31	45.45	53.13	42.68	35.09
86	44.13	52.47	53.05	42.18	47.15	55.57	44.55	35.03
87	45.06	54.42	55.25	43.19	48.85	57.61	46.43	35.00
88	46.03	56.06	57.08	44.24	50.52	59.37	48.23	34.99
89	47.03	57.46	58.61	45.28	52.11	60.90	49.91	35.01
90	48.01	58.67	59.90	46.31	53.62	62.26	51.45	35.06
91	48.96	59.72	61.01	47.30	55.04	63.47	52.84	35.15
92	49.90	60.64	61.95	48.25	56.37	64.56	54.10	35.28
93	50.78	61.44	62.78	49.15	57.61	65.56	55.25	35.45
94	51.64	62.18	63.47	50.01	58.77	66.46	56.25	35.63
95	52.46	62.84	64.10	50.82	59.84	67.28	57.14	35.85
96	53.24	63.45	64.66	51.59	60.85	68.04	57.96	36.08
97	53.99	64.01	65.16	52.31	61.78	68.74	58.70	36.35
98	54.71	64.52	65.61	53.00	62.65	69.38	59.34	36.61
99	55.40	65.01	66.02	53.65	63.45	69.97	59.93	36.89
100	56.07	65.47	66.40	54.26	64.19	70.52	60.46	37.18
101	56.70	65.89	66.75	54.85	64.90	71.03	60.95	37.47
102	57.30	66.29	67.08	55.39	65.55	71.50	61.39	37.77
103	57.88	66.68	67.38	55.92	66.16	71.94	61.80	38.07
104	58.43	67.04	67.67	56.42	66.72	72.35	62.17	38.37
105	58.96	67.39	67.94	56.88	67.25	72.74	62.51	38.67
106	59.46	67.72	68.19	57.33	67.76	73.10	62.82	38.96
107	59.86	67.77	67.94	57.60	68.12	72.85	62.97	39.18
108	60.13	65.93	65.53	57.81	67.97	69.72	62.80	39.42
109	60.08	63.41	62.51	57.66	67.02	66.42	61.85	39.66
110	59.71	61.03	59.75	57.14	65.64	63.59	60.43	39.86
111	59.08	58.95	57.35	56.38	64.12	61.25	58.78	40.05
112	58.35	57.20	55.37	55.54	62.56	59.26	57.11	40.22
113	57.53	55.70	53.70	54.64	61.05	57.57	55.50	40.37
114	56.72	54.44	52.30	53.72	59.60	56.12	53.99	40.48
115	55.91	53.37	51.12	52.85	58.21	54.83	52.63	40.56
116	55.10	52.42	50.13	52.02	56.90	53.69	51.39	40.63
117	54.29	51.58	49.28	51.18	55.67	52.66	50.28	40.65
118	53.54	50.87	48.55	50.42	54.52	51.73	49.30	40.66
119	52.80	50.20	47.91	49.66	53.45	50.89	48.41	40.63
120	52.10	49.62	47.34	48.97	52.47	50.13	47.64	40.58
121	51.44	49.09	46.85	48.29	51.54	49.43	46.95	40.48
122	50.84	48.61	46.41	47.66	50.70	48.79	46.34	40.38
123	50.27	48.18	46.01	47.07	49.92	48.21	45.79	40.25
124	49.71	47.77	45.65	46.53	49.19	47.66	45.29	40.13
125	49.17	47.38	45.31	46.00	48.50	47.15	44.85	39.98
126	48.65	47.02	45.00	45.54	47.85	46.68	44.45	39.86
127	48.14	46.78	44.88	45.09	47.18	46.56	44.07	39.72
128	47.69	48.56	47.24	44.75	47.03	49.84	44.05	39.57
129	47.63	51.35	50.57	44.79	47.95	53.51	44.95	39.45
130	48.01	54.02	53.70	45.27	49.38	56.56	46.47	39.34
131	48.68	56.34	56.40	46.04	50.98	59.06	48.24	39.25
132	49.52	58.31	58.65	46.96	52.63	61.13	50.07	39.17
133	50.43	59.96	60.51	47.97	54.24	62.91	51.84	39.13
134	51.36	61.37	62.07	48.97	55.80	64.43	53.51	39.10
135	52.29	62.57	63.37	49.97	57.27	65.78	55.04	39.12
136	53.20	63.60	64.47	50.92	58.66	66.98	56.43	39.18
137	54.08	64.51	65.41	51.83	59.96	68.06	57.67	39.27
138	54.93	65.30	66.22	52.71	61.18	69.04	58.80	39.40
139	55.75	66.02	66.92	53.53	62.31	69.92	59.80	39.55
140	56.53	66.66	67.53	54.32	63.36	70.72	60.69	39.73
141	57.28	67.24	68.07	55.06	64.34	71.47	61.50	39.94
142	57.99	67.77	68.55	55.76	65.25	72.14	62.21	40.17
143	58.67	68.26	68.99	56.43	66.09	72.77	62.85	40.40
144	59.33	68.72	69.38	57.05	66.88	73.35	63.44	40.65
145	59.95	69.14	69.73	57.63	67.59	73.87	63.96	40.92
146	60.54	69.54	70.06	58.19	68.26	74.35	64.43	41.19
147	61.06	69.48	69.68	58.63	68.82	73.86	64.72	41.41
148	61.39	67.49	67.12	58.89	68.69	70.69	64.52	41.60
149	61.36	64.99	64.13	58.74	67.76	67.51	63.56	41.79
150	60.96	62.64	61.43	58.25	66.48	64.85	62.17	41.98
151	60.35	60.63	59.10	57.53	65.08	62.66	60.59	42.16
152	59.64	58.93	57.16	56.72	63.63	60.79	58.98	42.34
153	58.87	57.49	55.51	55.84	62.18	59.18	57.39	42.45
154	58.07	56.26	54.17	55.00	60.77	57.76	55.94	42.55
155	57.29	55.21	53.02	54.17	59.46	56.54	54.62	42.64
156	56.53	54.30	52.05	53.36	58.25	55.45	53.43	42.70
157	55.79	53.52	51.23	52.60	57.09	54.48	52.36	42.73
158	55.08	52.82	50.52	51.89	56.03	53.59	51.40	42.71
159	54.40	52.19	49.89	51.19	55.03	52.80	50.55	42.68
160	53.75	51.63	49.35	50.54	54.10	52.07	49.79	42.62
161	53.13	51.12	48.86	49.93	53.22	51.38	49.11	42.54
162	52.53	50.64	48.42	49.34	52.43	50.76	48.50	42.43
163	51.97	50.20	48.02	48.80	51.69	50.20	47.93	42.33
164	51.44	49.80	47.68	48.27	51.01	49.68	47.43	42.19
165	50.91	49.42	47.34	47.78	50.37	49.19	46.99	42.04
166	50.42	49.05	47.02	47.30	49.77	48.74	46.59	41.89
167	49.93	48.70	46.70	46.83	49.15	48.30	46.20	41.74
168	49.43	49.75	48.20	46.41	48.74	50.66	45.96	41.56
169	49.26	52.40	51.43	46.32	49.41	54.44	46.61	41.42
170	49.54	55.15	54.64	46.69	50.74	57.66	47.98	41.30
171	50.15	57.58	57.46	47.41	52.30	60.30	49.70	41.20
172	50.95	59.65	59.83	48.31	53.94	62.47	51.53	41.12
173	51.85	61.38	61.80	49.30	55.57	64.32	53.34	41.07
174	52.78	62.85	63.44	50.31	57.14	65.91	55.04	41.04
175	53.71	64.10	64.81	51.31	58.63	67.29	56.61	41.05
176	54.62	65.17	65.97	52.28	60.04	68.52	58.04	41.09
177	55.50	66.10	66.95	53.21	61.36	69.63	59.33	41.17
178	56.37	66.92	67.79	54.10	62.59	70.62	60.48	41.29
179	57.19	67.65	68.50	54.94	63.75	71.52	61.51	41.43
180	57.97	68.29	69.14	55.74	64.82	72.35	62.45	41.61
181	58.72	68.87	69.69	56.49	65.81	73.10	63.27	41.80
182	59.44	69.41	70.18	57.20	66.73	73.78	64.00	42.01
183	60.13	69.90	70.62	57.86	67.58	74.41	64.66	42.25
184	60.79	70.35	71.02	58.50	68.37	74.97	65.25	42.49
185	61.41	70.78	71.37	59.10	69.10	75.50	65.78	42.75
186	62.00	71.17	71.71	59.66	69.78	76.00	66.26	43.01
187	62.55	71.52	71.93	60.14	70.39	76.41	66.63	43.25
188	62.98	70.79	70.72	60.47	70.77	74.80	66.79	43.42
189	63.19	68.45	67.85	60.56	70.29	71.45	66.30	43.59
190	62.99	65.95	64.91	60.28	69.21	68.44	65.15	43.79
191	62.51	63.72	62.31	59.68	67.83	65.91	63.63	43.96
192	61.83	61.79	60.10	58.91	66.34	63.77	61.99	44.13
193	61.07	60.16	58.25	58.03	64.86	61.98	60.37	44.27
194	60.24	58.76	56.71	57.16	63.39	60.40	58.83	44.38
195	59.39	57.55	55.41	56.26	62.00	59.03	57.41	44.47
196	58.57	56.52	54.31	55.40	60.68	57.82	56.10	44.52
197	57.79	55.62	53.37	54.58	59.46	56.75	54.93	44.55
198	57.05	54.84	52.55	53.81	58.31	55.77	53.87	44.55
199	56.34	54.13	51.82	53.06	57.21	54.85	52.92	44.50
200	55.66	53.50	51.20	52.38	56.22	54.05	52.07	44.47
201	55.02	52.95	50.65	51.75	55.28	53.32	51.31	44.40
202	54.40	52.44	50.17	51.13	54.42	52.64	50.62	44.31
203	53.79	51.95	49.74	50.52	53.64	52.02	50.03	44.17
204	53.21	51.50	49.34	49.96	52.89	51.45	49.49	44.01
205	52.67	51.10	48.97	49.44	52.21	50.93	49.00	43.88
206	52.15	50.73	48.65	48.91	51.56	50.45	48.54	43.70
207	51.64	50.35	48.32	48.42	50.95	49.99	48.14	43.52
208	51.10	51.17	49.47	47.92	50.43	51.98	47.79	43.33
209	50.86	53.76	52.61	47.74	50.97	55.72	48.30	43.17
210	51.07	56.49	55.80	48.05	52.22	58.97	49.58	43.03
211	51.63	58.92	58.62	48.72	53.75	61.62	51.24	42.92
212	52.40	60.99	60.99	49.58	55.35	63.79	53.04	42.82
213	53.27	62.73	62.97	50.54	56.94	65.63	54.81	42.74
214	54.19	64.19	64.61	51.53	58.49	67.21	56.49	42.70
215	55.10	65.44	65.97	52.50	59.97	68.59	58.04	42.69
216	56.00	66.50	67.13	53.46	61.36	69.81	59.45	42.72
217	56.87	67.43	68.11	54.37	62.66	70.90	60.73	42.78
218	57.72	68.24	68.94	55.25	63.88	71.89	61.87	42.87
219	58.53	68.96	69.66	56.08	65.02	72.77	62.88	42.99
220	59.31	69.61	70.29	56.87	66.07	73.58	63.79	43.16
221	60.06	70.19	70.84	57.61	67.05	74.31	64.61	43.33
222	60.77	70.71	71.33	58.32	67.96	74.99	65.33	43.53
223	61.44	71.19	71.77	58.98	68.80	75.61	65.98	43.75
224	62.09	71.64	72.16	59.60	69.58	76.18	66.56	43.98
225	62.70	72.05	72.51	60.19	70.31	76.70	67.08	44.22
226	63.29	72.43	72.83	60.75	70.99	77.18	67.55	44.47
227	63.84	72.80	73.13	61.27	71.60	77.63	67.97	44.73
228	64.28	72.19	72.07	61.61	71.99	76.22	68.14	44.92
229	64.47	69.88	69.18	61.70	71.58	72.88	67.68	45.09
230	64.30	67.35	66.24	61.42	70.51	69.83	66.56	45.26
231	63.83	65.09	63.62	60.84	69.16	67.28	65.03	45.43
232	63.16	63.15	61.39	60.09	67.69	65.14	63.39	45.58
233	62.41	61.51	59.54	59.26	66.21	63.32	61.76	45.73
234	61.61	60.12	58.00	58.40	64.77	61.75	60.20	45.84
235	60.82	58.93	56.70	57.54	63.38	60.38	58.76	45.92
236	60.02	57.91	55.59	56.67	62.07	59.17	57.43	45.95
237	59.24	57.01	54.64	55.82	60.84	58.10	56.24	45.94
238	58.48	56.22	53.81	55.02	59.69	57.13	55.17	45.90
239	57.76	55.51	53.08	54.23	58.61	56.24	54.21	45.82
240	57.05	54.87	52.43	53.50	57.59	55.42	53.35	45.73
241	56.36	54.28	51.85	52.83	56.65	54.68	52.58	45.64
242	55.72	53.76	51.35	52.20	55.77	54.00	51.89	45.54
243	55.12	53.28	50.89	51.58	54.96	53.37	51.26	45.39
244	54.54	52.83	50.47	50.99	54.21	52.79	50.68	45.21
245	53.98	52.40	50.09	50.45	53.50	52.25	50.16	45.04
246	53.42	51.99	49.72	49.94	52.84	51.74	49.71	44.89
247	52.88	51.60	49.39	49.43	52.21	51.26	49.29	44.71
248	52.31	52.01	50.02	48.87	51.60	52.53	48.85	44.47
249	51.97	54.41	52.97	48.60	51.91	56.21	49.17	44.28
250	52.08	57.15	56.20	48.83	53.07	59.55	50.33	44.13
251	52.58	59.62	59.09	49.44	54.56	62.28	51.95	44.00
252	53.32	61.73	61.52	50.28	56.14	64.52	53.72	43.89
253	54.16	63.50	63.56	51.22	57.74	66.40	55.50	43.81
254	55.05	65.01	65.25	52.21	59.28	68.01	57.20	43.75
255	55.96	66.27	66.65	53.19	60.75	69.40	58.76	43.73
256	56.85	67.36	67.83	54.15	62.14	70.63	60.19	43.74
257	57.71	68.29	68.83	55.07	63.46	71.74	61.47	43.80
258	58.55	69.11	69.67	55.95	64.68	72.72	62.64	43.88
259	59.36	69.82	70.41	56.78	65.81	73.61	63.67	44.00
260	60.13	70.47	71.04	57.57	66.87	74.42	64.59	44.15
261	60.86	71.04	71.59	58.32	67.86	75.16	65.41	44.31
262	61.56	71.56	72.08	59.02	68.76	75.83	66.14	44.51
263	62.23	72.03	72.51	59.68	69.60	76.45	66.80	44.72
264	62.87	72.48	72.90	60.31	70.38	77.01	67.38	44.95
265	63.48	72.88	73.25	60.89	71.10	77.52	67.92	45.18
266	64.06	73.25	73.57	61.44	71.78	78.00	68.38	45.43
267	64.60	73.60	73.87	61.97	72.40	78.45	68.81	45.68
268	65.04	73.03	72.85	62.30	72.81	77.11	69.00	45.83
269	65.24	70.73	69.98	62.43	72.38	73.76	68.54	46.00
270	65.07	68.22	67.03	62.15	71.27	70.66	67.42	46.18
271	64.61	65.95	64.38	61.54	69.87	68.06	65.89	46.33
272	63.96	64.00	62.14	60.77	68.38	65.88	64.21	46.45
273	63.21	62.36	60.26	59.90	66.89	64.05	62.57	46.55
274	62.39	60.94	58.69	58.99	65.45	62.47	61.00	46.60
275	61.57	59.73	57.35	58.09	64.06	61.09	59.55	46.66
276	60.75	58.67	56.23	57.20	62.72	59.84	58.24	46.68
277	59.94	57.75	55.25	56.36	61.48	58.75	57.04	46.68
278	59.16	56.94	54.41	55.55	60.32	57.77	55.97	46.65
279	58.39	56.19	53.64	54.76	59.24	56.87	55.00	46.58
280	57.66	55.54	52.98	54.03	58.23	56.05	54.13	46.49
281	57.00	54.96	52.41	53.35	57.25	55.28	53.34	46.39
282	56.36	54.42	51.91	52.71	56.35	54.58	52.63	46.26
283	55.72	53.91	51.43	52.10	55.53	53.93	51.99	46.12
284	55.11	53.44	50.99	51.52	54.78	53.34	51.42	45.96
285	54.54	53.00	50.60	50.97	54.06	52.80	50.89	45.82
286	53.99	52.58	50.24	50.45	53.40	52.28	50.40	45.63
287	53.47	52.19	49.90	49.97	52.78	51.81	49.97	45.45
288	52.88	52.59	50.54	49.43	52.13	53.06	49.52	45.23
289	52.54	54.99	53.51	49.17	52.47	56.75	49.86	45.05
290	52.66	57.73	56.74	49.39	53.63	60.11	51.03	44.90
291	53.16	60.21	59.63	50.01	55.12	62.85	52.64	44.78
292	53.89	62.32	62.07	50.85	56.70	65.09	54.42	44.67
293	54.73	64.10	64.09	51.79	58.29	66.97	56.19	44.58
294	55.63	65.59	65.78	52.78	59.83	68.58	57.88	44.52
295	56.53	66.86	67.18	53.76	61.31	69.98	59.45	44.50
296	57.41	67.93	68.36	54.71	62.71	71.22	60.89	44.51
297	58.28	68.87	69.36	55.62	64.02	72.33	62.17	44.56
298	59.12	69.68	70.21	56.50	65.25	73.31	63.33	44.64
299	59.92	70.41	70.93	57.33	66.38	74.21	64.36	44.76
300	60.69	71.05	71.56	58.12	67.44	75.01	65.27	44.90
301	61.43	71.62	72.11	58.86	68.42	75.75	66.10	45.07
302	62.13	72.15	72.60	59.56	69.32	76.42	66.82	45.25
303	62.80	72.62	73.04	60.24	70.17	77.03	67.48	45.47
304	63.44	73.06	73.43	60.85	70.95	77.60	68.06	45.69
305	64.05	73.46	73.77	61.44	71.67	78.12	68.58	45.92
306	64.64	73.85	74.10	61.99	72.33	78.58	69.04	46.15
307	65.19	74.20	74.39	62.52	72.95	79.02	69.46	46.41
308	65.60	74.08	73.93	62.81	73.41	78.54	69.67	46.54
309	65.83	72.05	71.35	62.95	73.22	75.34	69.45	46.66
310	65.74	69.50	68.33	62.79	72.24	72.12	68.46	46.83
311	65.30	67.10	65.55	62.25	70.93	69.39	67.02	47.01
312	64.63	65.03	63.19	61.52	69.49	67.11	65.40	47.17
313	63.85	63.26	61.21	60.63	67.99	65.20	63.74	47.24
314	63.02	61.77	59.54	59.75	66.53	63.55	62.13	47.35
315	62.18	60.49	58.12	58.84	65.11	62.11	60.63	47.40
316	61.34	59.38	56.94	57.99	63.75	60.83	59.27	47.49
317	60.51	58.41	55.90	57.13	62.49	59.69	58.00	47.48
318	59.74	57.57	55.05	56.34	61.27	58.65	56.87	47.46
319	59.00	56.83	54.31	55.54	60.15	57.72	55.88	47.40
320	58.27	56.16	53.64	54.76	59.11	56.88	54.99	47.28
321	57.59	55.56	53.05	54.05	58.11	56.09	54.19	47.17
322	56.96	55.02	52.53	53.39	57.17	55.36	53.47	47.04
323	56.37	54.53	52.04	52.79	56.30	54.66	52.79	46.90
324	55.78	54.07	51.59	52.19	55.51	54.04	52.19	46.74
325	55.21	53.63	51.19	51.62	54.80	53.50	51.63	46.55
326	54.67	53.22	50.83	51.06	54.12	52.97	51.12	46.33
327	54.12	52.81	50.48	50.56	53.48	52.47	50.67	46.15
328	53.60	52.99	50.82	50.05	52.89	53.33	50.20	45.94
329	53.26	55.27	53.64	49.75	53.16	57.02	50.41	45.76
330	53.34	58.02	56.88	49.92	54.26	60.45	51.50	45.61
331	53.78	60.54	59.81	50.50	55.71	63.26	53.07	45.48
332	54.46	62.68	62.30	51.31	57.26	65.55	54.82	45.37
333	55.27	64.49	64.37	52.24	58.82	67.45	56.60	45.28
334	56.14	66.01	66.09	53.21	60.35	69.08	58.30	45.21
335	57.03	67.29	67.53	54.18	61.82	70.48	59.88	45.18
336	57.91	68.39	68.73	55.14	63.21	71.71	61.31	45.18
337	58.78	69.33	69.75	56.05	64.52	72.82	62.62	45.23
338	59.60	70.15	70.61	56.93	65.74	73.82	63.78	45.30
339	60.40	70.87	71.36	57.76	66.88	74.71	64.83	45.41
340	61.17	71.52	72.00	58.55	67.94	75.51	65.76	45.55
341	61.91	72.10	72.56	59.29	68.91	76.24	66.59	45.71
342	62.61	72.62	73.05	59.99	69.81	76.92	67.32	45.90
343	63.29	73.11	73.49	60.66	70.65	77.53	67.98	46.09
344	63.93	73.54	73.88	61.29	71.44	78.10	68.57	46.31
345	64.54	73.95	74.24	61.87	72.16	78.63	69.10	46.54
346	65.10	74.33	74.57	62.43	72.83	79.09	69.58	46.78
347	65.66	74.68	74.86	62.95	73.45	79.53	70.00	47.02
