# Druck 

23  , 291.15 , -3.79 , 3.43 
31  , 291.15 , -3.49 , 3.43 
34  , 292.15 , -3.40 , 3.42 
45  , 296.15 , -3.12 , 3.37 
65  , 304.15 , -2.75 , 3.28 
85  , 311.15 , -2.48 , 3.21 
105 , 316.15 , -2.27 , 3.16 
125 , 321.15 , -2.10 , 3.11 
145 , 325.15 , -1.95 , 3.07 
165 , 327.65 , -1.82 , 3.05 
185 , 330.15 , -1.71 , 3.02 
205 , 332.15 , -1.60 , 3.01 
225 , 334.65 , -1.51 , 2.98 
245 , 338.15 , -1.42 , 2.97 
265 , 339.65 , -1.35 , 2.95 
285 , 341.65 , -1.27 , 2.94 
305 , 342.65 , -1.21 , 2.93 
325 , 342.65 , -1.14 , 2.91 
345 , 344.15 , -1.08 , 2.90 
365 , 346.15 , -1.03 , 2.88 
385 , 347.15 , -0.97 , 2.88 
405 , 348.15 , -0.92 , 2.87 
425 , 349.15 , -0.87 , 2.86 
445 , 351.15 , -0.83 , 2.84 
465 , 352.15 , -0.78 , 2.83 
485 , 353.15 , -0.74 , 2.83 
505 , 354.15 , -0.70 , 2.82 
525 , 354.65 , -0.66 , 2.81 
545 , 356.15 , -0.62 , 2.80 
565 , 357.15 , -0.59 , 2.79 
585 , 357.65 , -0.55 , 2.79 
605 , 359.15 , -0.52 , 2.78 
625 , 360.15 , -0.49 , 2.77 
645 , 361.15 , -0.46 , 2.76 
665 , 361.65 , -0.43 , 2.76 
685 , 362.15 , -0.40 , 2.76 
705 , 363.15 , -0.37 , 2.75 
725 , 364.15 , -0.34 , 2.74 
745 , 365.15 , -0.31 , 2.73 
765 , 365.65 , -0.29 , 2.73 
785 , 366.15 , -0.26 , 2.73 
805 , 367.15 , -0.23 , 2.72 
825 , 367.65 , -0.21 , 2.71 
845 , 368.15 , -0.19 , 2.71 
865 , 369.15 , -0.16 , 2.70 
885 , 369.65 , -0.14 , 2.70 
905 , 310.15 , -0.12 , 2.70
925 , 370.65 , -0.10 , 2.69 
945 , 371.15 , -0.07 , 2.69 
965 , 371.65 , -0.05 , 2.69 
985 , 372.15 , -0.03 , 2.68 
1002 , 373.15 , -0.01 , 2.67 